
Fuerzas directamente en los nudos (reacciones)
  nudo          fx          fy          fz
     1 +0.0000e+00 -2.0734e+00 +0.0000e+00 
     2 +0.0000e+00 -1.7723e+00 +0.0000e+00 
     3 +0.0000e+00 +2.1980e+00 +0.0000e+00 
     4 +0.0000e+00 +2.1881e+00 +0.0000e+00 
     5 +0.0000e+00 +0.0000e+00 -1.8765e+01 
     6 +0.0000e+00 +0.0000e+00 -1.8529e+01 
     9 +0.0000e+00 +0.0000e+00 -1.5873e+01 
    11 +0.0000e+00 +0.0000e+00 -4.1806e+01 
    13 +0.0000e+00 +0.0000e+00 +3.9630e+01 
    15 +0.0000e+00 +0.0000e+00 +1.5739e+01 
    17 +0.0000e+00 +0.0000e+00 +1.8468e+01 
    19 +0.0000e+00 +0.0000e+00 +1.8615e+01 
    21 +0.0000e+00 +0.0000e+00 +1.5784e+01 
    23 +0.0000e+00 +0.0000e+00 +5.9756e+01 
    25 +0.0000e+00 +0.0000e+00 -5.8823e+01 
    27 +0.0000e+00 +0.0000e+00 -1.5891e+01 
    29 +0.0000e+00 -4.2259e-01 +0.0000e+00 
    30 +0.0000e+00 +2.4986e+00 +0.0000e+00 
    31 +0.0000e+00 +2.5485e+00 +0.0000e+00 
    32 +0.0000e+00 +3.2866e+00 +0.0000e+00 
    33 +0.0000e+00 +8.5930e+00 +0.0000e+00 
    34 +0.0000e+00 +3.4700e+01 +0.0000e+00 
    35 +0.0000e+00 +1.3534e+02 +0.0000e+00 
    36 +0.0000e+00 +1.4511e+02 +0.0000e+00 
    37 +0.0000e+00 +3.7049e+01 +0.0000e+00 
    38 +0.0000e+00 +5.0061e+00 +0.0000e+00 
    39 +0.0000e+00 +4.2497e+00 +0.0000e+00 
    40 +0.0000e+00 +2.0698e+00 +0.0000e+00 
    41 +0.0000e+00 +3.4719e+00 +0.0000e+00 
    42 +0.0000e+00 -1.5766e+00 +0.0000e+00 
    43 +0.0000e+00 -4.3903e-01 +0.0000e+00 
    44 +0.0000e+00 -1.2933e+00 +0.0000e+00 
    45 +0.0000e+00 -3.3548e+00 +0.0000e+00 
    46 +0.0000e+00 -3.3410e+00 +0.0000e+00 
    47 +0.0000e+00 -8.2871e+00 +0.0000e+00 
    48 +0.0000e+00 -3.8125e+01 +0.0000e+00 
    49 +0.0000e+00 -1.4081e+02 +0.0000e+00 
    50 +0.0000e+00 -1.1711e+02 +0.0000e+00 
    51 +0.0000e+00 -4.4928e+01 +0.0000e+00 
    52 +0.0000e+00 -7.4063e+00 +0.0000e+00 
    53 +0.0000e+00 -8.3795e+00 +0.0000e+00 
    54 +0.0000e+00 +2.4774e+00 +0.0000e+00 
    55 +0.0000e+00 -4.6371e+00 +0.0000e+00 
    56 +0.0000e+00 +1.6732e+00 +0.0000e+00 
    57 +0.0000e+00 +0.0000e+00 -5.4205e+01 
    58 +0.0000e+00 +0.0000e+00 -5.5399e+01 
    59 +0.0000e+00 +0.0000e+00 -5.5691e+01 
    60 +0.0000e+00 +0.0000e+00 -5.4913e+01 
    61 +0.0000e+00 +0.0000e+00 -5.5299e+01 
    62 +0.0000e+00 +0.0000e+00 -5.4472e+01 
    63 +0.0000e+00 +0.0000e+00 -5.6925e+01 
    64 +0.0000e+00 +0.0000e+00 -6.7479e+01 
    65 +0.0000e+00 +0.0000e+00 -5.6087e+01 
    66 +0.0000e+00 +0.0000e+00 -5.5310e+01 
    67 +0.0000e+00 +0.0000e+00 -5.4476e+01 
    68 +0.0000e+00 +0.0000e+00 -5.5581e+01 
    69 +0.0000e+00 +0.0000e+00 -5.5089e+01 
    70 +0.0000e+00 +0.0000e+00 -5.3871e+01 
   631 +0.0000e+00 +0.0000e+00 -3.1279e+01 
   632 +0.0000e+00 +0.0000e+00 -4.8321e+01 
   633 +0.0000e+00 +0.0000e+00 -4.6513e+01 
   634 +0.0000e+00 +0.0000e+00 -4.8083e+01 
   635 +0.0000e+00 +0.0000e+00 -4.7904e+01 
   636 +0.0000e+00 +0.0000e+00 -4.6763e+01 
   637 +0.0000e+00 +0.0000e+00 -4.6079e+01 
   782 +0.0000e+00 +0.0000e+00 -3.1888e+01 
   783 +0.0000e+00 +0.0000e+00 -2.7814e+01 
   784 +0.0000e+00 +0.0000e+00 -2.1178e+01 
   785 +0.0000e+00 +0.0000e+00 -1.7920e+01 
   786 +0.0000e+00 +0.0000e+00 -1.2372e+01 
   787 +0.0000e+00 +0.0000e+00 -8.5050e+00 
   788 +0.0000e+00 +0.0000e+00 -5.2790e+00 
   789 +0.0000e+00 +0.0000e+00 +1.3529e+00 
   790 +0.0000e+00 +0.0000e+00 +4.3042e+00 
   791 +0.0000e+00 +0.0000e+00 +7.8662e+00 
   792 +0.0000e+00 +0.0000e+00 +1.3072e+01 
   793 +0.0000e+00 +0.0000e+00 +1.6756e+01 
   794 +0.0000e+00 +0.0000e+00 +2.1952e+01 
   795 +0.0000e+00 +0.0000e+00 +2.6492e+01 
   796 +0.0000e+00 +0.0000e+00 +3.1893e+01 
   949 +0.0000e+00 +0.0000e+00 +4.7378e+01 
   950 +0.0000e+00 +0.0000e+00 +4.8111e+01 
   951 +0.0000e+00 +0.0000e+00 +4.7721e+01 
   952 +0.0000e+00 +0.0000e+00 +4.7677e+01 
   953 +0.0000e+00 +0.0000e+00 +4.5932e+01 
   954 +0.0000e+00 +0.0000e+00 +4.8110e+01 
   955 +0.0000e+00 +0.0000e+00 +3.1079e+01 
  1099 +0.0000e+00 +0.0000e+00 +5.3634e+01 
  1100 +0.0000e+00 +0.0000e+00 +5.4837e+01 
  1101 +0.0000e+00 +0.0000e+00 +5.5472e+01 
  1102 +0.0000e+00 +0.0000e+00 +5.4460e+01 
  1103 +0.0000e+00 +0.0000e+00 +5.4510e+01 
  1104 +0.0000e+00 +0.0000e+00 +5.3764e+01 
  1105 +0.0000e+00 +0.0000e+00 +6.7355e+01 
  1106 +0.0000e+00 +0.0000e+00 +5.6317e+01 
  1107 +0.0000e+00 +0.0000e+00 +5.4508e+01 
  1108 +0.0000e+00 +0.0000e+00 +5.5133e+01 
  1109 +0.0000e+00 +0.0000e+00 +5.4659e+01 
  1110 +0.0000e+00 +0.0000e+00 +5.5913e+01 
  1111 +0.0000e+00 +0.0000e+00 +5.5770e+01 
  1112 +0.0000e+00 +0.0000e+00 +5.3914e+01 
  1537 +0.0000e+00 +0.0000e+00 +3.1026e+01 
  1538 +0.0000e+00 +0.0000e+00 +4.7755e+01 
  1539 +0.0000e+00 +0.0000e+00 +4.5776e+01 
  1540 +0.0000e+00 +0.0000e+00 +4.7638e+01 
  1541 +0.0000e+00 +0.0000e+00 +4.7560e+01 
  1542 +0.0000e+00 +0.0000e+00 +4.6786e+01 
  1543 +0.0000e+00 +0.0000e+00 +4.7397e+01 
  1688 +0.0000e+00 +0.0000e+00 +3.1473e+01 
  1689 +0.0000e+00 +0.0000e+00 +2.7121e+01 
  1690 +0.0000e+00 +0.0000e+00 +2.0925e+01 
  1691 +0.0000e+00 +0.0000e+00 +1.7725e+01 
  1692 +0.0000e+00 +0.0000e+00 +1.1993e+01 
  1693 +0.0000e+00 +0.0000e+00 +9.1051e+00 
  1694 +0.0000e+00 +0.0000e+00 +4.7356e+00 
  1695 +0.0000e+00 +0.0000e+00 -1.4632e+00 
  1696 +0.0000e+00 +0.0000e+00 -4.0928e+00 
  1697 +0.0000e+00 +0.0000e+00 -8.5481e+00 
  1698 +0.0000e+00 +0.0000e+00 -1.3814e+01 
  1699 +0.0000e+00 +0.0000e+00 -1.6944e+01 
  1700 +0.0000e+00 +0.0000e+00 -2.1980e+01 
  1701 +0.0000e+00 +0.0000e+00 -2.6155e+01 
  1702 +0.0000e+00 +0.0000e+00 -3.2620e+01 
  1855 +0.0000e+00 +0.0000e+00 -4.8281e+01 
  1856 +0.0000e+00 +0.0000e+00 -4.7077e+01 
  1857 +0.0000e+00 +0.0000e+00 -4.7909e+01 
  1858 +0.0000e+00 +0.0000e+00 -4.8047e+01 
  1859 +0.0000e+00 +0.0000e+00 -4.6598e+01 
  1860 +0.0000e+00 +0.0000e+00 -4.8363e+01 
  1861 +0.0000e+00 +0.0000e+00 -3.1273e+01 
 17735 +0.0000e+00 +0.0000e+00 -2.5256e+00 
 17736 +0.0000e+00 +0.0000e+00 -1.0557e+01 
 17737 +0.0000e+00 +0.0000e+00 -6.4202e+00 
 17738 +0.0000e+00 +0.0000e+00 +3.1618e+01 
 17739 +0.0000e+00 +0.0000e+00 -2.5087e+01 
 17740 +0.0000e+00 +0.0000e+00 -2.2627e+01 
 17741 +0.0000e+00 +0.0000e+00 -1.9666e+01 
 17742 +0.0000e+00 +0.0000e+00 -1.5640e+01 
 17743 +0.0000e+00 +0.0000e+00 +2.5737e+00 
 17744 +0.0000e+00 +0.0000e+00 +6.3299e+00 
 17745 +0.0000e+00 +0.0000e+00 +1.0459e+01 
 17746 +0.0000e+00 +0.0000e+00 +1.6598e+01 
 17747 +0.0000e+00 +0.0000e+00 +1.9517e+01 
 17748 +0.0000e+00 +0.0000e+00 +2.2433e+01 
 17749 +0.0000e+00 +0.0000e+00 +2.5261e+01 
 17750 +0.0000e+00 +0.0000e+00 -3.0508e+01 
 17751 +0.0000e+00 +0.0000e+00 +3.3023e+01 
 17752 +0.0000e+00 +0.0000e+00 -3.3326e+01 
 17753 +0.0000e+00 +0.0000e+00 -3.3239e+01 
 17754 +0.0000e+00 +0.0000e+00 +3.3045e+01 
