$MeshFormat
2.2 0 8
$EndMeshFormat
$PhysicalNames
5
1 1 "DISP UY=0"
1 2 "DISP UX=0"
1 3 "DISP UY=0.00014"
1 5 "CURV HO=UY VE=FY"
2 4 "CATE EYOU=7E7 POIS=0.2 GAMM=0.0 TESP=0.001 TIPR=20 EPLA=7E5 SIGY=243E3 TYMO=21"
$EndPhysicalNames
$Nodes
543
1 0 -0.005 0
2 0.005 0 0
3 0.01 0.01 0
4 0 0.01 0
5 0 0.005 0
6 0 -0.025 0
7 0.01 -0.025 0
8 0.0008333333333317924 -0.025 0
9 0.001666666666663235 -0.025 0
10 0.002499999999994085 -0.025 0
11 0.003333333333324963 -0.025 0
12 0.004166666666655612 -0.025 0
13 0.004999999999986965 -0.025 0
14 0.005833333333322162 -0.025 0
15 0.006666666666657638 -0.025 0
16 0.007499999999993399 -0.025 0
17 0.008333333333329272 -0.025 0
18 0.009166666666663506 -0.025 0
19 0.01 -0.02410256410256494 0
20 0.01 -0.02320512820513123 0
21 0.01 -0.02230769230769617 0
22 0.01 -0.02141025641026111 0
23 0.01 -0.02051282051282605 0
24 0.01 -0.01961538461539281 0
25 0.01 -0.01871794871795998 0
26 0.01 -0.01782051282052781 0
27 0.01 -0.01692307692309392 0
28 0.01 -0.01602564102566077 0
29 0.01 -0.0151282051282276 0
30 0.01 -0.01423076923079463 0
31 0.01 -0.01333333333336125 0
32 0.01 -0.01243589743592841 0
33 0.01 -0.01153846153849489 0
34 0.01 -0.01064102564106206 0
35 0.01 -0.009743589743628945 0
36 0.01 -0.008846153846195352 0
37 0.01 -0.007948717948762077 0
38 0.01 -0.007051282051327011 0
39 0.01 -0.006153846153888858 0
40 0.01 -0.005256410256450704 0
41 0.01 -0.004358974359012547 0
42 0.01 -0.003461538461574397 0
43 0.01 -0.002564102564136275 0
44 0.01 -0.001666666666698312 0
45 0.01 -0.0007692307692599362 0
46 0.01 0.0001282051281782243 0
47 0.01 0.001025641025616256 0
48 0.01 0.001923076923054223 0
49 0.01 0.002820512820492178 0
50 0.01 0.003717948717930821 0
51 0.01 0.004615384615368791 0
52 0.01 0.005512820512806764 0
53 0.01 0.006410256410245917 0
54 0.01 0.007307692307685312 0
55 0.01 0.008205128205122911 0
56 0.01 0.00910256410256087 0
57 0.009166666666668105 0.01 0
58 0.00833333333333847 0.01 0
59 0.007500000000005331 0.01 0
60 0.006666666666675808 0.01 0
61 0.005833333333344593 0.01 0
62 0.005000000000013209 0.01 0
63 0.004166666666677985 0.01 0
64 0.003333333333342479 0.01 0
65 0.00250000000000669 0.01 0
66 0.001666666666670787 0.01 0
67 0.0008333333333365219 0.01 0
68 0 0.009166666666667569 0
69 0 0.008333333333336492 0
70 0 0.007500000000006266 0
71 0 0.006666666666671183 0
72 0 0.005833333333335252 0
73 0 -0.005869565217389295 0
74 0 -0.006739130434778634 0
75 0 -0.007608695652169122 0
76 0 -0.00847826086955693 0
77 0 -0.009347826086946365 0
78 0 -0.0102173913043336 0
79 0 -0.01108695652172085 0
80 0 -0.01195652173911131 0
81 0 -0.01282608695650179 0
82 0 -0.01369565217388934 0
83 0 -0.01456521739127657 0
84 0 -0.01543478260866826 0
85 0 -0.01630434782606304 0
86 0 -0.01717391304345782 0
87 0 -0.01804347826084992 0
88 0 -0.01891304347824196 0
89 0 -0.01978260869563674 0
90 0 -0.02065217391303152 0
91 0 -0.0215217391304263 0
92 0 -0.02239130434782108 0
93 0 -0.02326086956521129 0
94 0 -0.02413043478260522 0
95 0.0008682408903819148 -0.004924038764700053 0
96 0.001710100721151512 -0.004698463102283243 0
97 0.002500000006439142 -0.004330127015204553 0
98 0.00321393805658488 -0.003830222208754396 0
99 0.003830222222033784 -0.003213938040759122 0
100 0.004330127022835577 -0.00249999999322182 0
101 0.00469846310582461 -0.001710100711421687 0
102 0.004924038765513956 -0.0008682408857660358 0
103 0.004924038764700053 0.0008682408903819148 0
104 0.004698463102283243 0.001710100721151512 0
105 0.004330127015204553 0.002500000006439142 0
106 0.003830222208754396 0.00321393805658488 0
107 0.003213938040759122 0.003830222222033784 0
108 0.00249999999322182 0.004330127022835577 0
109 0.001710100711421687 0.00469846310582461 0
110 0.0008682408857660358 0.004924038765513956 0
111 0.0006467343768037317 -0.01930255088512297 0
112 0.0007259670330788124 -0.0157989950004939 0
113 0.0007582143474297926 -0.008888894639915426 0
114 0.0006958795395302621 -0.01230359436906985 0
115 0.005408281449383534 -0.02424867701165656 0
116 0.009222797714555227 -0.01737179487181087 0
117 0.009324018138435222 -0.01392109886221526 0
118 0.009140664910211269 -0.01108362372581869 0
119 0.009199092400990972 -0.008394095506947825 0
120 0.009209582578171935 -0.02004374254565582 0
121 0.003241242958982236 -0.004702451522041875 0
122 0.006287580985837028 0.009228638378245767 0
123 0.004058835247796422 0.004030367521320764 0
124 0.009225012298364227 -0.005701509756132083 0
125 0.009241821578307156 0.005993314431763539 0
126 0.0007612856333469287 -0.02198298893009824 0
127 0.003888004243523393 0.009347294185525677 0
128 0.004831352741182029 -0.003206165652198425 0
129 0.005111144400383929 0.002362121014250289 0
130 0.005510696681005197 -0.001482921757353537 0
131 0.002430739474733959 0.005175576918816567 0
132 0.005625782087139809 0.0004433760226847409 0
133 0.009251680681411016 -0.003038849908610822 0
134 0.009255678279765278 0.003244968100903742 0
135 0.002894479265329412 -0.02432342150932736 0
136 0.009235209566160208 -0.02188066607623109 0
137 0.009269572911423954 -0.01556905389256153 0
138 0.0007878931410121431 -0.007099653174137335 0
139 0.0007312568118346176 -0.01055816764941977 0
140 0.0007115574676391838 -0.01754398887034616 0
141 0.0006906241745082607 -0.01405343869911355 0
142 0.00698765787151884 -0.02422130581775098 0
143 0.009274824648098971 0.001503879839921122 0
144 0.002041758216291643 0.009350065593496262 0
145 0.009284911771487648 -0.001253463315916521 0
146 0.009240719323259813 0.007773264905737838 0
147 0.0006542450341182343 0.007220218138314166 0
148 0.007916666666671901 0.00927831216351622 0
149 0.001484525059809369 -0.005540322933043559 0
150 0.009205284005926543 -0.02361090586822217 0
151 0.0007190472682287439 -0.02371867449302383 0
152 0.0007414409230032479 0.008709529334104443 0
153 0.0033985314412597 0.004732559968773276 0
154 0.004313329492661232 0.004889684341535689 0
155 0.004903864348428359 0.004250818443761354 0
156 0.005122330856611844 0.005113981666783222 0
157 0.004551731012016627 0.005717861126593627 0
158 0.005345373034222792 0.00595273329767988 0
159 0.005730138872530719 0.004501099408773816 0
160 0.004737010660506087 0.0065614531836237 0
161 0.005559533430805492 0.006787947163731209 0
162 0.006171049027488885 0.006179766619739782 0
163 0.006389461226444029 0.007016508504204716 0
164 0.004949140081899928 0.007392742032557406 0
165 0.004124710155196179 0.007170523349517571 0
166 0.006986263209028604 0.00641107720028237 0
167 0.00720248123647955 0.007250044254039011 0
168 0.006782249394775242 0.005568469818693311 0
169 0.007740260236429514 0.005847442140146897 0
170 0.007422227442739392 0.004957252468774693 0
171 0.006594419936925702 0.00783731135631811 0
172 0.004348014796051155 0.007980217152546196 0
173 0.00352657686870556 0.00775759053335685 0
174 0.003294471151766792 0.006974230949967884 0
175 0.002701222657825919 0.007556707366685933 0
176 0.002469115632949171 0.006774221178947964 0
177 0.005164900208277024 0.008218275478880849 0
178 0.003277914175703045 0.005600337831411915 0
179 0.008325137784903885 0.005106008609895492 0
180 0.008024435848265775 0.004324153279480852 0
181 0.007181449454786865 0.004103901033793263 0
182 0.007783875119937745 0.003476798084303651 0
183 0.006946998494047589 0.003249624875209931 0
184 0.007606947740002685 0.002612415507924064 0
185 0.006738451611156803 0.002390536434801172 0
186 0.007390426989088338 0.0017567644154131 0
187 0.007398152836844135 0.00803709246931332 0
188 0.002922231169202653 0.008374868024727283 0
189 0.002118206349887982 0.008107280254656615 0
190 0.005506830238805642 0.003666874988005161 0
191 0.006519570949399894 0.001586507930579449 0
192 0.00714651657646998 0.0009398102894899661 0
193 0.007965867738362879 0.001141471502499521 0
194 0.007740760096221867 0.0002923726402550105 0
195 0.006937228243349232 0.0001133018603911763 0
196 0.007514708700696847 -0.0005558082397596335 0
197 0.006647899780771706 -0.0006251017927943743 0
198 0.007248371112793251 -0.001347171307248053 0
199 0.00856904195523224 0.0004678515821111484 0
200 0.007962249162054402 0.007330096447181145 0
201 0.001466412487669906 0.005587340849851977 0
202 0.002443749620325674 -0.005158813163619179 0
203 0.003234990134411509 -0.00560632589725297 0
204 0.004010575319154684 -0.005150597867134339 0
205 0.003976410644171759 -0.006073164441759892 0
206 0.00475548857109837 -0.005663767307807245 0
207 0.004714839317303205 -0.006548660757404727 0
208 0.003938190132738375 -0.006948851036784779 0
209 0.004671771502284528 -0.007426953191751829 0
210 0.005455739809583594 -0.007024201072181852 0
211 0.005413260904759168 -0.007904524201535621 0
212 0.004625950781666607 -0.008307879290909995 0
213 0.005361057156181858 -0.008785111769686228 0
214 0.004583586128821318 -0.009188734193701031 0
215 0.005316531903523691 -0.009666239927259224 0
216 0.004540225155733539 -0.01007027533716049 0
217 0.005273329574943855 -0.01054769597382655 0
218 0.004496801970425591 -0.01095179837263634 0
219 0.00522902818576935 -0.01142919612890944 0
220 0.004453122388671528 -0.01183253691175455 0
221 0.005193875700848451 -0.01231105214293904 0
222 0.004411032134296588 -0.012714037567281 0
223 0.005152827932298974 -0.01319271170865931 0
224 0.004368355094983475 -0.01359647579244883 0
225 0.005109895192231623 -0.01407442635997264 0
226 0.004325174178994612 -0.01447817700889203 0
227 0.005066433588501128 -0.01495591827326812 0
228 0.004281718594687049 -0.0153587517374997 0
229 0.005022923883485635 -0.01583711594394694 0
230 0.004238454612917185 -0.01623970553699881 0
231 0.004973985446848727 -0.01671768515656904 0
232 0.004194815334425697 -0.0171207438648134 0
233 0.004932589450309054 -0.01759823687273545 0
234 0.004151801626451921 -0.01799998638479549 0
235 0.004885838789180429 -0.01847704049376398 0
236 0.004110493838644334 -0.01887854474835333 0
237 0.004845200184683685 -0.01935408384028084 0
238 0.004068084261191627 -0.01975448921677031 0
239 0.004800139333976721 -0.02022701093835114 0
240 0.004027950634073442 -0.02062439953483416 0
241 0.005612732113067277 -0.01894846760680276 0
242 0.005751327571856707 -0.01631555813543661 0
243 0.005848812068856366 -0.01455262322014129 0
244 0.005935094029378105 -0.01278926865511268 0
245 0.004755998379222219 -0.0210955880828599 0
246 0.005527632735460176 -0.02070154557184044 0
247 0.006040325558244024 -0.01011409326703416 0
248 0.006198596438314012 -0.007501149940956396 0
249 0.006240613777700079 -0.006618599565612759 0
250 0.00380095655008189 -0.009594016398421886 0
251 0.00398668747424932 -0.0214894527401717 0
252 0.003714048700299922 -0.01135440150056719 0
253 0.003627683986415744 -0.01311936125930756 0
254 0.005484093167828361 -0.0215660997361483 0
255 0.006254658381219511 -0.0211722125209924 0
256 0.003541217641770815 -0.01488125420350848 0
257 0.003454869933069852 -0.01664251889690805 0
258 0.003259166718759297 -0.02102166140123227 0
259 0.003372183517140646 -0.01839650468945828 0
260 0.006977328201403041 -0.007095951425182942 0
261 0.006937652880088217 -0.007976324616889205 0
262 0.003220327069122195 -0.02190358796932733 0
263 0.007010321412754881 -0.006210642281797409 0
264 0.003941112358889814 -0.0224065063956941 0
265 0.006209875647171383 -0.02203759901012009 0
266 0.006975111054170761 -0.02162746273308545 0
267 0.007027583926129618 -0.02077172652293946 0
268 0.002469392077933759 -0.02141657446491313 0
269 0.00242643489184469 -0.02228991297633758 0
270 0.002527858878339693 -0.02055353315065051 0
271 0.006936236865821654 -0.02245909739326507 0
272 0.00543247579502585 -0.02244858318910918 0
273 0.00772806375356969 -0.006644178904521941 0
274 0.006280925983836822 -0.005732958934265111 0
275 0.007058256067567187 -0.005325681945845734 0
276 0.006321130926971873 -0.004850754751660518 0
277 0.007087868861329383 -0.004441295601081489 0
278 0.006360773899069178 -0.003964694102463551 0
279 0.00716544855601336 -0.003595003211713311 0
280 0.006466310652331789 -0.003038038513232334 0
281 0.007861776068089237 -0.004034853716391141 0
282 0.004798848054072892 -0.004794492859319541 0
283 0.007752735262761819 -0.02123337530932072 0
284 0.001686621568844891 -0.0209188818427911 0
285 0.002401635161187131 -0.006036858506348773 0
286 0.007784768864311467 -0.02036960370472679 0
287 0.007069963083593346 -0.01989739686906322 0
288 0.007827793351284152 -0.01949256609125063 0
289 0.007111900442376395 -0.01901469627461795 0
290 0.007862852509740607 -0.01860972788333158 0
291 0.007150393020846186 -0.01812798832346086 0
292 0.007936590170518404 -0.003149329218416472 0
293 0.007923696638036545 -0.01772595416850893 0
294 0.007197655362293712 -0.0172458400029053 0
295 0.007948665228483172 -0.016837919282977 0
296 0.00724100222403395 -0.01635797553938605 0
297 0.006417974719655413 -0.01765774568932948 0
298 0.001808492444692309 -0.02011769259112315 0
299 0.002568217970328432 -0.01968486904436111 0
300 0.007980979358300201 -0.01594905982963044 0
301 0.007284611099529352 -0.01546920059482062 0
302 0.008023223941780663 -0.01505990987148627 0
303 0.00732837835116934 -0.01457977682901366 0
304 0.001893410545480278 -0.01925082974071646 0
305 0.005217882991461463 -0.002304489644313398 0
306 0.001565940370966822 -0.006561780755660133 0
307 0.0023664355440738 -0.006971316365483461 0
308 0.00863913374686468 -0.01910687267667881 0
309 0.008058363653705644 -0.0141699099999719 0
310 0.007372281684804024 -0.01369001120970041 0
311 0.008100991735075128 -0.01327998697787785 0
312 0.007416249623446052 -0.0128000451329977 0
313 0.008231830694853275 -0.01239480980563998 0
314 0.007466424339233583 -0.01192066992566004 0
315 0.008338626580257399 0.008303909692991831 0
316 0.008877973882619494 0.004555147601674954 0
317 0.008070216090288579 -0.001166250955656852 0
318 0.007817299821220557 -0.002166934778883438 0
319 0.008508904599165035 -0.02073869451799319 0
320 0.00604458353748658 -0.002219029756923534 0
321 0.001031927392315947 -0.02048471346627461 0
322 0.008307000268828997 -0.01150518600248031 0
323 0.007524064240383897 -0.01102237553702588 0
324 0.006739463391746886 -0.01146562460999003 0
325 0.008325575279250489 -0.01061170201581249 0
326 0.007566702757603677 -0.0101302612480632 0
327 0.008349612690438837 -0.00972267080126981 0
328 0.007595946246278795 -0.009244288752835055 0
329 0.004055797884265858 -0.004055797867508063 0
330 0.004521553898583585 0.008761874046008021 0
331 0.005736209212039548 -0.0005603402027375441 0
332 0.008754635284161122 -0.01643469080295654 0
333 0.0090125896210685 -0.01294785601891045 0
334 0.008793999721818987 -0.01466524001314051 0
335 0.005571825695340351 0.001451899987981873 0
336 0.005650712072729655 -0.003572973437960987 0
337 0.005342795932531522 0.009164289759352243 0
338 0.008397940148461857 -0.008835303317622998 0
339 0.00917311333936527 -0.009291465506558178 0
340 0.008447929940590841 -0.007959143963108701 0
341 0.00913997448296972 -0.01198863314845093 0
342 0.006909664366219108 -0.00220417171092515 0
343 0.009224776338738088 -0.0227529831787963 0
344 0.008462796222268242 -0.02319968882351951 0
345 0.008432609600493454 -0.02401974892584897 0
346 0.0077091147595476 -0.02363585868461258 0
347 0.00845510668580729 -0.0223722938085012 0
348 0.004741229186632153 0.003292286166998983 0
349 0.00847670950625313 0.00289631862490083 0
350 0.006162113555206006 -0.02289280949908089 0
351 0.005400294768017717 -0.0233024126957857 0
352 0.006162503225741353 -0.02374809291197955 0
353 0.004611874862493444 -0.02377572485701489 0
354 0.004630028112038625 -0.02292599525604878 0
355 0.003913179843765381 -0.02341859488911619 0
356 0.003183544238278814 -0.02282895483929401 0
357 0.002425861310416635 -0.02310454942853535 0
358 0.001627571038272547 -0.02260873186799775 0
359 0.00692752960307411 -0.02331484612927565 0
360 0.004705065881209032 -0.02198870423333866 0
361 0.005985308036381917 0.008444151909117733 0
362 0.0007667724053548482 -0.02286704777955637 0
363 0.00927491280295906 0.006866880115712442 0
364 0.008460267411377858 0.006501157805949277 0
365 0.001928864543821027 0.007324193964160276 0
366 0.00127467306784634 0.007884646505838106 0
367 0.001694205911505273 0.006492678101283572 0
368 0.009241822340594804 0.008657335163218118 0
369 0.005773793820122349 0.007616156074135004 0
370 0.005586220555889119 -0.004392699724207751 0
371 0.009275303107450138 -0.002142851659176046 0
372 0.003497919597041455 -0.0157610465381442 0
373 0.002759361263131944 -0.01528384462167761 0
374 0.00280227095777609 -0.01440621293063034 0
375 0.002037162001763586 -0.01480814898132781 0
376 0.002095277409000645 -0.01393336535101926 0
377 0.001978412740929694 -0.01568275488290541 0
378 0.002850673129679877 -0.01352608310869028 0
379 0.002135957637897477 -0.01304790116391183 0
380 0.001414564558523542 -0.01353525063828858 0
381 0.002716491423477031 -0.01616302846602597 0
382 0.002673222801998063 -0.01704152174012052 0
383 0.001955639328934972 -0.01656622761364036 0
384 0.001914713177871947 -0.0174415461112539 0
385 0.002635306974659284 -0.01791612776912021 0
386 0.001928199301164998 -0.01832846680374169 0
387 0.009239531069500819 0.002389113314892483 0
388 0.008368985639454566 0.001925503100850793 0
389 0.003670953693354268 -0.01223594045947671 0
390 0.002932210584898216 -0.01175748420922818 0
391 0.002975417703754747 -0.01087948040515438 0
392 0.002208881161931561 -0.01128152399787237 0
393 0.002253840499897356 -0.01040567837702148 0
394 0.002180550586691127 -0.01216361080860434 0
395 0.001463310798292323 -0.01177586048066683 0
396 0.003020224841169523 -0.01000079590643105 0
397 0.002295120252291897 -0.009550840350870825 0
398 0.001522550031490238 -0.01005164094629185 0
399 0.002892400355088275 -0.01263961784939594 0
400 0.003841615949679508 -0.008711873506073553 0
401 0.003060222464051381 -0.009124316522293303 0
402 0.002314092928509446 -0.008681046474443106 0
403 0.003095795806643144 -0.008248544988706729 0
404 0.003888791767875274 -0.007830242509765384 0
405 0.005571117352677857 -0.01982927506729335 0
406 0.009179310490402602 -0.0002947924527787073 0
407 0.009253724224944478 -0.003962219552108163 0
408 0.009241381714324566 -0.00483687960326369 0
409 0.00848382602612939 -0.005312278475000716 0
410 0.006154599660262747 0.003065296226320795 0
411 0.0007335366276061564 -0.006220912037817737 0
412 0.00341370003129091 -0.01751956722420266 0
413 0.009238234708154819 -0.006597717810889095 0
414 0.009292148460886064 -0.01839713939147055 0
415 0.003758275898148786 -0.01047603822100477 0
416 0.003848426309939261 0.006249474337461907 0
417 0.003584687266414762 -0.0140026070715245 0
418 0.0007561234679796043 -0.008027076809584229 0
419 0.001507499697584012 -0.007608695652169028 0
420 0.0007074147689073804 -0.01664945348869892 0
421 0.0006808197007915331 -0.01840295550270249 0
422 0.0007178163569634263 -0.01490178092016138 0
423 0.006818524769585133 -0.009673086723227633 0
424 0.00614018379569437 -0.00837361194446995 0
425 0.005800459565910155 -0.01543394198387702 0
426 0.005496780469698677 -0.006144814973455552 0
427 0.002977551341300784 0.009186255485022637 0
428 0.00588970453167606 -0.01367093261026731 0
429 0.009164827703210976 -0.01018234623902503 0
430 0.003814725175747782 -0.0242261961450988 0
431 0.002070115280288008 -0.0243149804822694 0
432 0.0008265070802880013 0.00634494249957857 0
433 0.005539899093594624 -0.005263248091785952 0
434 0.009234680294018272 -0.007500328054164613 0
435 0.007098112695807554 0.009300352809184662 0
436 0.003298797575986835 -0.02015441875685529 0
437 0.003334844224014826 -0.01927513625961563 0
438 0.005951134859697985 0.005342861191111777 0
439 0.005958929237665556 -0.01189979130892399 0
440 0.00162739566972549 -0.02352790486294815 0
441 0.006298993621062264 -0.02030120541949613 0
442 0.002622027088798076 -0.01880865571783556 0
443 0.001601252665677693 -0.02176049421211137 0
444 0.003150648053827837 -0.007359295805326753 0
445 0.006567171231482993 0.00472835399587213 0
446 0.008486528492900065 -0.006184419711673998 0
447 0.008335045993835381 -0.0003412286317820102 0
448 0.006347864658652759 0.003885858421329182 0
449 0.006380410867095192 -0.018543103148713 0
450 0.006340852913312054 -0.0194223573976644 0
451 0.001506476657993809 -0.008438503401982763 0
452 0.005649741584337608 -0.01807220739812683 0
453 0.007701603611641181 -0.02282325061015782 0
454 0.005693576794665011 -0.01719400944454769 0
455 0.002327475480980452 -0.007826711768446168 0
456 0.00646941842775004 -0.01678030420630912 0
457 0.003178051611735068 -0.006499302008826103 0
458 0.006517166031267681 -0.01589786208225378 0
459 0.006562906366172861 -0.01501340315881416 0
460 0.006606826693968174 -0.01412891986402182 0
461 0.00668378271212185 -0.01237376546622236 0
462 0.006650656545899043 -0.01324215715638705 0
463 0.001636431776873151 0.008694496043341597 0
464 0.008750000000003285 0.009305470824573715 0
465 0.007712321931975784 -0.007522328320714364 0
466 0.006009023428672704 -0.01099929026370199 0
467 0.001282402385523551 -0.02429701968952079 0
468 0.006783017357706053 -0.01056745527484048 0
469 0.006082257772147685 -0.009244285284169138 0
470 0.006871135802727165 -0.008815249252845247 0
471 0.0007228160426566403 -0.009756564083759262 0
472 0.007660132101829917 -0.008407359970630435 0
473 0.008474626520201577 -0.007068019460845451 0
474 0.002396254453186866 0.005985324314254947 0
475 0.001471620892983897 -0.01093243509694806 0
476 0.008564081983614899 -0.002648292928078055 0
477 0.003747397907487282 0.008523151197559583 0
478 0.005923862193932581 0.00231304078876081 0
479 0.007736398474700177 -0.005782146668334999 0
480 0.008624263658079775 0.003747287630350361 0
481 0.0007049755444450698 -0.01146020354403991 0
482 0.009309545204371158 -0.02097886123089368 0
483 0.0006972538750804103 -0.02118362521040723 0
484 0.007706970183429502 -0.0220163022441728 0
485 0.006794206199186917 0.008599002102907703 0
486 0.007776497108519957 -0.00490196720213633 0
487 0.001253932693543379 0.009358354287643084 0
488 0.001416271871618484 -0.01268118117095616 0
489 0.007670304251073986 0.00666796356951974 0
490 0.004890264963541662 -0.004032748033412556 0
491 0.008394036627959454 -0.01995029590726105 0
492 0.003160288541115285 -0.02360710848837575 0
493 0.009320112992942154 0.00062350514850175 0
494 0.00852212847517774 -0.004471607199417531 0
495 0.009299656542151313 0.005197225958503422 0
496 0.0007028900240300916 -0.01318253400130321 0
497 0.0005340718049935644 0.007929545462319896 0
498 0.008553861866810368 -0.00357075958140312 0
499 0.007792819394710836 -0.02436796381573769 0
500 0.009428172957184537 -0.01917621758943159 0
501 0.00158244065251701 -0.009212037257347264 0
502 0.003052065685237831 0.006306738660354286 0
503 0.008458638656041757 -0.02155905057693729 0
504 0.001434675215551615 -0.01436540694434318 0
505 0.00637022147490708 0.0007939685574277193 0
506 0.006249999999989899 -0.02443918819123871 0
507 0.008587609980446206 -0.001755133269810186 0
508 0.001409306214883899 -0.01524724650645682 0
509 0.008576238073627496 -0.0180871690626368 0
510 0.006349570781719231 -0.001406456087997032 0
511 0.009351583164092911 0.003976147333245733 0
512 0.004583333333321287 -0.02446605733103295 0
513 0.0006326314243891207 0.005546861558828985 0
514 0.001414852431774426 -0.01609830933240658 0
515 0.009091619182842436 -0.02432262353776391 0
516 0.004583804148265939 0.009454691598177188 0
517 0.008485206587772713 -0.01729150563777803 0
518 0.006263468159641475 3.304088899434364e-05 0
519 0.007509152995753581 0.008703733847582747 0
520 0.0005669565974168175 -0.02442922579302997 0
521 0.001380077158759783 -0.0169896836932898 0
522 0.0006039652450849219 0.009396034754916203 0
523 0.009472208565162944 -0.01647435897437735 0
524 0.00577631803321352 -0.002825942378834761 0
525 0.008672679281698539 0.007341186897106471 0
526 0.007259062713260643 -0.002830695486634141 0
527 0.002499999999994096 -0.02378433029973357 0
528 0.001284844863157994 -0.01883006279129885 0
529 0.0005628611938486049 -0.00551501971189747 0
530 0.009404398948924702 0.009385128694329779 0
531 0.001343346863901903 -0.01788810630917391 0
532 0.003914007977826247 0.005440122915900965 0
533 0.001202565537607382 -0.01971971191193974 0
534 0.00239251210420604 0.008724198165541028 0
535 0.008586272757217833 0.005754830210792137 0
536 0.008554409754833852 -0.01553216036545471 0
537 0.008628591784875151 0.001178558500404432 0
538 0.005447580847051768 0.003021883138631286 0
539 0.0005762454613454123 -0.01998835177440112 0
540 0.009511863151972231 -0.01468557481119499 0
541 0.001314695859032096 0.00704814759055628 0
542 0.008684616896121483 -0.0008777046705194961 0
543 0.00860857690783658 -0.01376245898083732 0
$EndNodes
$Elements
1033
1 1 2 1 1 6 8
2 1 2 1 1 8 9
3 1 2 1 1 9 10
4 1 2 1 1 10 11
5 1 2 1 1 11 12
6 1 2 1 1 12 13
7 1 2 1 1 13 14
8 1 2 1 1 14 15
9 1 2 1 1 15 16
10 1 2 1 1 16 17
11 1 2 1 1 17 18
12 1 2 1 1 18 7
13 1 2 2 4 4 68
14 1 2 2 4 68 69
15 1 2 2 4 69 70
16 1 2 2 4 70 71
17 1 2 2 4 71 72
18 1 2 2 4 72 5
19 1 2 2 5 1 73
20 1 2 2 5 73 74
21 1 2 2 5 74 75
22 1 2 2 5 75 76
23 1 2 2 5 76 77
24 1 2 2 5 77 78
25 1 2 2 5 78 79
26 1 2 2 5 79 80
27 1 2 2 5 80 81
28 1 2 2 5 81 82
29 1 2 2 5 82 83
30 1 2 2 5 83 84
31 1 2 2 5 84 85
32 1 2 2 5 85 86
33 1 2 2 5 86 87
34 1 2 2 5 87 88
35 1 2 2 5 88 89
36 1 2 2 5 89 90
37 1 2 2 5 90 91
38 1 2 2 5 91 92
39 1 2 2 5 92 93
40 1 2 2 5 93 94
41 1 2 2 5 94 6
42 1 2 3 7 2 103
43 1 2 5 7 2 103
44 1 2 3 7 103 104
45 1 2 5 7 103 104
46 1 2 3 7 104 105
47 1 2 5 7 104 105
48 1 2 3 7 105 106
49 1 2 5 7 105 106
50 1 2 3 7 106 107
51 1 2 5 7 106 107
52 1 2 3 7 107 108
53 1 2 5 7 107 108
54 1 2 3 7 108 109
55 1 2 5 7 108 109
56 1 2 3 7 109 110
57 1 2 5 7 109 110
58 1 2 3 7 110 5
59 1 2 5 7 110 5
60 2 2 4 1 306 138 419
61 2 2 4 1 307 306 419
62 2 2 4 1 342 198 510
63 2 2 4 1 305 128 524
64 2 2 4 1 427 188 477
65 2 2 4 1 31 32 333
66 2 2 4 1 131 153 178
67 2 2 4 1 204 282 329
68 2 2 4 1 61 62 337
69 2 2 4 1 127 427 477
70 2 2 4 1 138 306 411
71 2 2 4 1 131 108 153
72 2 2 4 1 443 284 483
73 2 2 4 1 285 149 306
74 2 2 4 1 201 367 432
75 2 2 4 1 202 149 285
76 2 2 4 1 18 7 515
77 2 2 4 1 121 204 329
78 2 2 4 1 100 128 305
79 2 2 4 1 184 186 388
80 2 2 4 1 7 19 515
81 2 2 4 1 358 126 362
82 2 2 4 1 148 315 464
83 2 2 4 1 320 342 510
84 2 2 4 1 128 336 524
85 2 2 4 1 352 142 359
86 2 2 4 1 126 358 443
87 2 2 4 1 315 146 368
88 2 2 4 1 74 138 411
89 2 2 4 1 355 264 356
90 2 2 4 1 322 313 341
91 2 2 4 1 315 368 464
92 2 2 4 1 118 322 341
93 2 2 4 1 475 139 481
94 2 2 4 1 146 315 525
95 2 2 4 1 395 475 481
96 2 2 4 1 122 61 337
97 2 2 4 1 117 31 333
98 2 2 4 1 131 178 474
99 2 2 4 1 142 352 506
100 2 2 4 1 354 264 355
101 2 2 4 1 488 114 496
102 2 2 4 1 333 32 341
103 2 2 4 1 322 118 325
104 2 2 4 1 380 488 496
105 2 2 4 1 113 471 501
106 2 2 4 1 358 362 440
107 2 2 4 1 364 200 489
108 2 2 4 1 320 280 342
109 2 2 4 1 186 193 388
110 2 2 4 1 200 364 525
111 2 2 4 1 353 355 430
112 2 2 4 1 474 178 502
113 2 2 4 1 155 123 348
114 2 2 4 1 120 308 491
115 2 2 4 1 292 318 526
116 2 2 4 1 308 120 500
117 2 2 4 1 335 132 505
118 2 2 4 1 136 482 503
119 2 2 4 1 354 272 360
120 2 2 4 1 349 184 388
121 2 2 4 1 362 151 440
122 2 2 4 1 269 268 443
123 2 2 4 1 284 321 483
124 2 2 4 1 316 51 495
125 2 2 4 1 419 451 455
126 2 2 4 1 115 351 353
127 2 2 4 1 51 316 511
128 2 2 4 1 307 419 455
129 2 2 4 1 34 35 429
130 2 2 4 1 451 402 455
131 2 2 4 1 304 528 533
132 2 2 4 1 528 111 533
133 2 2 4 1 126 443 483
134 2 2 4 1 191 335 505
135 2 2 4 1 262 269 356
136 2 2 4 1 337 62 516
137 2 2 4 1 315 200 525
138 2 2 4 1 313 333 341
139 2 2 4 1 482 319 503
140 2 2 4 1 471 398 501
141 2 2 4 1 318 292 476
142 2 2 4 1 73 74 411
143 2 2 4 1 351 115 352
144 2 2 4 1 353 430 512
145 2 2 4 1 331 130 510
146 2 2 4 1 264 354 360
147 2 2 4 1 121 202 203
148 2 2 4 1 264 262 356
149 2 2 4 1 35 339 429
150 2 2 4 1 359 346 453
151 2 2 4 1 147 366 497
152 2 2 4 1 414 116 509
153 2 2 4 1 271 359 453
154 2 2 4 1 197 331 510
155 2 2 4 1 509 116 517
156 2 2 4 1 190 155 348
157 2 2 4 1 345 17 515
158 2 2 4 1 133 476 498
159 2 2 4 1 366 147 541
160 2 2 4 1 432 367 541
161 2 2 4 1 406 199 447
162 2 2 4 1 139 398 471
163 2 2 4 1 321 90 483
164 2 2 4 1 325 118 429
165 2 2 4 1 398 139 475
166 2 2 4 1 201 432 513
167 2 2 4 1 109 131 201
168 2 2 4 1 35 36 339
169 2 2 4 1 108 107 153
170 2 2 4 1 123 106 348
171 2 2 4 1 358 269 443
172 2 2 4 1 96 149 202
173 2 2 4 1 101 100 305
174 2 2 4 1 351 272 354
175 2 2 4 1 121 97 202
176 2 2 4 1 105 129 348
177 2 2 4 1 98 121 329
178 2 2 4 1 315 148 519
179 2 2 4 1 142 346 359
180 2 2 4 1 128 99 329
181 2 2 4 1 129 104 335
182 2 2 4 1 103 132 335
183 2 2 4 1 102 130 331
184 2 2 4 1 17 18 515
185 2 2 4 1 132 2 331
186 2 2 4 1 356 269 357
187 2 2 4 1 152 366 463
188 2 2 4 1 120 319 482
189 2 2 4 1 367 201 474
190 2 2 4 1 329 282 490
191 2 2 4 1 201 131 474
192 2 2 4 1 199 406 493
193 2 2 4 1 118 34 429
194 2 2 4 1 36 119 339
195 2 2 4 1 268 284 443
196 2 2 4 1 366 152 497
197 2 2 4 1 285 307 457
198 2 2 4 1 285 306 307
199 2 2 4 1 179 316 495
200 2 2 4 1 90 321 539
201 2 2 4 1 319 120 491
202 2 2 4 1 364 169 535
203 2 2 4 1 403 444 455
204 2 2 4 1 307 444 457
205 2 2 4 1 169 364 489
206 2 2 4 1 440 431 527
207 2 2 4 1 476 292 498
208 2 2 4 1 147 432 541
209 2 2 4 1 314 324 461
210 2 2 4 1 179 495 535
211 2 2 4 1 306 149 411
212 2 2 4 1 431 440 467
213 2 2 4 1 122 337 361
214 2 2 4 1 342 280 526
215 2 2 4 1 338 119 340
216 2 2 4 1 119 338 339
217 2 2 4 1 198 197 510
218 2 2 4 1 332 116 523
219 2 2 4 1 116 332 517
220 2 2 4 1 318 342 526
221 2 2 4 1 330 127 477
222 2 2 4 1 387 349 388
223 2 2 4 1 465 340 473
224 2 2 4 1 273 465 473
225 2 2 4 1 299 437 442
226 2 2 4 1 395 114 488
227 2 2 4 1 353 351 354
228 2 2 4 1 410 183 448
229 2 2 4 1 134 349 387
230 2 2 4 1 466 324 468
231 2 2 4 1 356 357 492
232 2 2 4 1 361 177 369
233 2 2 4 1 444 307 455
234 2 2 4 1 414 308 500
235 2 2 4 1 203 202 285
236 2 2 4 1 247 466 468
237 2 2 4 1 121 203 204
238 2 2 4 1 143 387 388
239 2 2 4 1 114 395 481
240 2 2 4 1 394 379 399
241 2 2 4 1 33 118 341
242 2 2 4 1 128 329 490
243 2 2 4 1 32 33 341
244 2 2 4 1 171 361 369
245 2 2 4 1 337 177 361
246 2 2 4 1 150 343 344
247 2 2 4 1 150 344 345
248 2 2 4 1 150 20 343
249 2 2 4 1 212 209 404
250 2 2 4 1 289 449 450
251 2 2 4 1 357 269 358
252 2 2 4 1 308 414 509
253 2 2 4 1 276 370 433
254 2 2 4 1 386 304 442
255 2 2 4 1 190 410 448
256 2 2 4 1 129 335 478
257 2 2 4 1 163 171 369
258 2 2 4 1 324 439 461
259 2 2 4 1 304 299 442
260 2 2 4 1 370 282 433
261 2 2 4 1 345 344 346
262 2 2 4 1 379 378 399
263 2 2 4 1 331 197 518
264 2 2 4 1 378 253 399
265 2 2 4 1 178 416 502
266 2 2 4 1 251 264 360
267 2 2 4 1 397 396 401
268 2 2 4 1 350 272 351
269 2 2 4 1 396 250 401
270 2 2 4 1 437 259 442
271 2 2 4 1 403 400 404
272 2 2 4 1 209 208 404
273 2 2 4 1 400 212 404
274 2 2 4 1 385 259 412
275 2 2 4 1 245 251 360
276 2 2 4 1 54 146 363
277 2 2 4 1 336 128 490
278 2 2 4 1 93 151 362
279 2 2 4 1 403 404 444
280 2 2 4 1 19 20 150
281 2 2 4 1 265 272 350
282 2 2 4 1 340 119 434
283 2 2 4 1 343 136 347
284 2 2 4 1 416 178 532
285 2 2 4 1 397 401 402
286 2 2 4 1 401 400 403
287 2 2 4 1 146 55 368
288 2 2 4 1 21 136 343
289 2 2 4 1 381 377 383
290 2 2 4 1 253 378 417
291 2 2 4 1 365 189 366
292 2 2 4 1 250 396 415
293 2 2 4 1 350 351 352
294 2 2 4 1 353 354 355
295 2 2 4 1 175 189 365
296 2 2 4 1 271 265 350
297 2 2 4 1 125 363 364
298 2 2 4 1 373 377 381
299 2 2 4 1 265 254 272
300 2 2 4 1 54 55 146
301 2 2 4 1 344 343 347
302 2 2 4 1 175 173 188
303 2 2 4 1 239 240 245
304 2 2 4 1 172 177 330
305 2 2 4 1 165 164 172
306 2 2 4 1 93 94 151
307 2 2 4 1 119 37 434
308 2 2 4 1 20 21 343
309 2 2 4 1 245 240 251
310 2 2 4 1 160 161 164
311 2 2 4 1 224 253 417
312 2 2 4 1 251 262 264
313 2 2 4 1 390 394 399
314 2 2 4 1 257 372 381
315 2 2 4 1 237 238 239
316 2 2 4 1 372 373 381
317 2 2 4 1 157 158 160
318 2 2 4 1 239 238 240
319 2 2 4 1 216 250 415
320 2 2 4 1 253 389 399
321 2 2 4 1 163 167 171
322 2 2 4 1 278 336 370
323 2 2 4 1 259 234 412
324 2 2 4 1 55 56 368
325 2 2 4 1 143 48 387
326 2 2 4 1 21 22 136
327 2 2 4 1 133 43 371
328 2 2 4 1 175 188 189
329 2 2 4 1 161 163 369
330 2 2 4 1 257 230 372
331 2 2 4 1 124 408 409
332 2 2 4 1 389 390 399
333 2 2 4 1 165 172 173
334 2 2 4 1 126 92 362
335 2 2 4 1 204 203 205
336 2 2 4 1 160 164 165
337 2 2 4 1 254 245 360
338 2 2 4 1 23 24 120
339 2 2 4 1 125 53 363
340 2 2 4 1 253 222 389
341 2 2 4 1 357 440 527
342 2 2 4 1 330 177 337
343 2 2 4 1 153 123 154
344 2 2 4 1 237 236 238
345 2 2 4 1 160 165 416
346 2 2 4 1 172 164 177
347 2 2 4 1 42 133 407
348 2 2 4 1 274 276 433
349 2 2 4 1 124 40 408
350 2 2 4 1 110 109 201
351 2 2 4 1 449 241 450
352 2 2 4 1 382 385 412
353 2 2 4 1 278 280 336
354 2 2 4 1 171 167 187
355 2 2 4 1 235 236 237
356 2 2 4 1 257 382 412
357 2 2 4 1 160 158 161
358 2 2 4 1 272 254 360
359 2 2 4 1 107 123 153
360 2 2 4 1 53 54 363
361 2 2 4 1 276 278 370
362 2 2 4 1 92 93 362
363 2 2 4 1 251 258 262
364 2 2 4 1 26 116 414
365 2 2 4 1 165 174 416
366 2 2 4 1 39 124 413
367 2 2 4 1 154 156 157
368 2 2 4 1 257 381 382
369 2 2 4 1 109 108 131
370 2 2 4 1 176 175 365
371 2 2 4 1 271 350 359
372 2 2 4 1 145 45 406
373 2 2 4 1 44 145 371
374 2 2 4 1 49 134 387
375 2 2 4 1 382 381 383
376 2 2 4 1 174 173 175
377 2 2 4 1 246 245 254
378 2 2 4 1 91 92 126
379 2 2 4 1 372 256 373
380 2 2 4 1 230 228 372
381 2 2 4 1 394 392 395
382 2 2 4 1 373 374 375
383 2 2 4 1 389 252 390
384 2 2 4 1 250 400 401
385 2 2 4 1 390 391 392
386 2 2 4 1 47 48 143
387 2 2 4 1 234 232 412
388 2 2 4 1 314 323 324
389 2 2 4 1 52 53 125
390 2 2 4 1 44 45 145
391 2 2 4 1 42 43 133
392 2 2 4 1 236 234 259
393 2 2 4 1 41 407 408
394 2 2 4 1 228 226 256
395 2 2 4 1 224 222 253
396 2 2 4 1 232 230 257
397 2 2 4 1 157 156 158
398 2 2 4 1 382 383 384
399 2 2 4 1 107 106 123
400 2 2 4 1 214 212 400
401 2 2 4 1 376 379 380
402 2 2 4 1 266 265 271
403 2 2 4 1 220 218 252
404 2 2 4 1 49 50 134
405 2 2 4 1 235 234 236
406 2 2 4 1 196 195 197
407 2 2 4 1 393 397 398
408 2 2 4 1 222 220 389
409 2 2 4 1 25 26 414
410 2 2 4 1 228 256 372
411 2 2 4 1 186 185 191
412 2 2 4 1 216 214 250
413 2 2 4 1 402 401 403
414 2 2 4 1 255 254 265
415 2 2 4 1 373 375 377
416 2 2 4 1 278 279 280
417 2 2 4 1 41 42 407
418 2 2 4 1 276 277 278
419 2 2 4 1 250 214 400
420 2 2 4 1 390 392 394
421 2 2 4 1 390 252 391
422 2 2 4 1 185 183 410
423 2 2 4 1 375 374 376
424 2 2 4 1 392 391 393
425 2 2 4 1 220 252 389
426 2 2 4 1 262 268 269
427 2 2 4 1 373 256 374
428 2 2 4 1 385 384 386
429 2 2 4 1 274 275 276
430 2 2 4 1 194 192 195
431 2 2 4 1 391 252 415
432 2 2 4 1 39 40 124
433 2 2 4 1 374 256 417
434 2 2 4 1 396 391 415
435 2 2 4 1 291 294 297
436 2 2 4 1 38 39 413
437 2 2 4 1 45 46 406
438 2 2 4 1 48 49 387
439 2 2 4 1 378 374 417
440 2 2 4 1 43 44 371
441 2 2 4 1 233 232 234
442 2 2 4 1 232 257 412
443 2 2 4 1 26 27 116
444 2 2 4 1 30 31 117
445 2 2 4 1 28 29 137
446 2 2 4 1 36 37 119
447 2 2 4 1 33 34 118
448 2 2 4 1 127 330 516
449 2 2 4 1 218 216 415
450 2 2 4 1 231 230 232
451 2 2 4 1 226 224 417
452 2 2 4 1 184 183 185
453 2 2 4 1 249 274 426
454 2 2 4 1 318 198 342
455 2 2 4 1 233 234 235
456 2 2 4 1 40 41 408
457 2 2 4 1 229 228 230
458 2 2 4 1 157 160 416
459 2 2 4 1 249 263 274
460 2 2 4 1 227 226 228
461 2 2 4 1 251 240 258
462 2 2 4 1 225 224 226
463 2 2 4 1 326 327 328
464 2 2 4 1 223 222 224
465 2 2 4 1 239 245 246
466 2 2 4 1 393 396 397
467 2 2 4 1 221 220 222
468 2 2 4 1 323 325 326
469 2 2 4 1 237 239 405
470 2 2 4 1 314 322 323
471 2 2 4 1 219 218 220
472 2 2 4 1 376 378 379
473 2 2 4 1 182 181 183
474 2 2 4 1 312 313 314
475 2 2 4 1 217 216 218
476 2 2 4 1 310 311 312
477 2 2 4 1 382 384 385
478 2 2 4 1 215 214 216
479 2 2 4 1 180 170 181
480 2 2 4 1 303 309 310
481 2 2 4 1 231 232 233
482 2 2 4 1 213 212 214
483 2 2 4 1 301 302 303
484 2 2 4 1 186 191 192
485 2 2 4 1 229 230 231
486 2 2 4 1 252 218 415
487 2 2 4 1 96 95 149
488 2 2 4 1 154 123 155
489 2 2 4 1 235 237 241
490 2 2 4 1 211 209 212
491 2 2 4 1 256 226 417
492 2 2 4 1 196 197 198
493 2 2 4 1 276 275 277
494 2 2 4 1 194 195 196
495 2 2 4 1 278 277 279
496 2 2 4 1 296 300 301
497 2 2 4 1 68 69 152
498 2 2 4 1 207 205 208
499 2 2 4 1 227 228 229
500 2 2 4 1 164 161 369
501 2 2 4 1 393 391 396
502 2 2 4 1 350 352 359
503 2 2 4 1 338 340 472
504 2 2 4 1 274 263 275
505 2 2 4 1 376 374 378
506 2 2 4 1 65 66 144
507 2 2 4 1 294 295 296
508 2 2 4 1 225 226 227
509 2 2 4 1 262 258 268
510 2 2 4 1 184 185 186
511 2 2 4 1 223 224 225
512 2 2 4 1 221 222 223
513 2 2 4 1 106 105 348
514 2 2 4 1 241 237 405
515 2 2 4 1 219 220 221
516 2 2 4 1 217 218 219
517 2 2 4 1 314 313 322
518 2 2 4 1 328 327 338
519 2 2 4 1 323 322 325
520 2 2 4 1 326 325 327
521 2 2 4 1 204 206 282
522 2 2 4 1 215 216 217
523 2 2 4 1 97 96 202
524 2 2 4 1 312 311 313
525 2 2 4 1 74 75 138
526 2 2 4 1 310 309 311
527 2 2 4 1 239 246 405
528 2 2 4 1 213 214 215
529 2 2 4 1 303 302 309
530 2 2 4 1 326 328 423
531 2 2 4 1 75 76 418
532 2 2 4 1 174 175 176
533 2 2 4 1 211 212 213
534 2 2 4 1 165 173 174
535 2 2 4 1 204 205 206
536 2 2 4 1 183 181 448
537 2 2 4 1 182 183 184
538 2 2 4 1 76 77 113
539 2 2 4 1 84 85 112
540 2 2 4 1 88 89 111
541 2 2 4 1 80 81 114
542 2 2 4 1 85 86 420
543 2 2 4 1 83 84 422
544 2 2 4 1 86 87 140
545 2 2 4 1 87 88 421
546 2 2 4 1 78 79 139
547 2 2 4 1 82 83 141
548 2 2 4 1 385 386 442
549 2 2 4 1 301 300 302
550 2 2 4 1 207 208 209
551 2 2 4 1 291 293 294
552 2 2 4 1 154 155 156
553 2 2 4 1 161 162 163
554 2 2 4 1 98 97 121
555 2 2 4 1 296 295 300
556 2 2 4 1 99 98 329
557 2 2 4 1 236 259 437
558 2 2 4 1 327 325 429
559 2 2 4 1 280 320 524
560 2 2 4 1 284 298 321
561 2 2 4 1 289 290 291
562 2 2 4 1 64 65 427
563 2 2 4 1 229 231 242
564 2 2 4 1 100 99 128
565 2 2 4 1 138 75 418
566 2 2 4 1 180 181 182
567 2 2 4 1 268 270 284
568 2 2 4 1 259 385 442
569 2 2 4 1 37 38 434
570 2 2 4 1 210 248 249
571 2 2 4 1 105 104 129
572 2 2 4 1 249 260 263
573 2 2 4 1 225 227 243
574 2 2 4 1 177 164 369
575 2 2 4 1 206 205 207
576 2 2 4 1 104 103 335
577 2 2 4 1 279 281 292
578 2 2 4 1 221 223 244
579 2 2 4 1 210 209 211
580 2 2 4 1 65 144 427
581 2 2 4 1 193 192 194
582 2 2 4 1 294 293 295
583 2 2 4 1 260 248 261
584 2 2 4 1 102 101 130
585 2 2 4 1 215 217 247
586 2 2 4 1 103 2 132
587 2 2 4 1 313 311 333
588 2 2 4 1 76 113 418
589 2 2 4 1 357 358 440
590 2 2 4 1 309 302 334
591 2 2 4 1 2 102 331
592 2 2 4 1 138 418 419
593 2 2 4 1 338 327 339
594 2 2 4 1 339 327 429
595 2 2 4 1 112 85 420
596 2 2 4 1 88 111 421
597 2 2 4 1 86 140 420
598 2 2 4 1 84 112 422
599 2 2 4 1 140 87 421
600 2 2 4 1 141 83 422
601 2 2 4 1 207 209 210
602 2 2 4 1 284 270 298
603 2 2 4 1 436 238 437
604 2 2 4 1 317 198 318
605 2 2 4 1 187 200 315
606 2 2 4 1 141 422 504
607 2 2 4 1 287 288 289
608 2 2 4 1 227 229 425
609 2 2 4 1 298 299 304
610 2 2 4 1 246 254 255
611 2 2 4 1 210 211 248
612 2 2 4 1 300 295 332
613 2 2 4 1 176 365 367
614 2 2 4 1 249 248 260
615 2 2 4 1 263 260 273
616 2 2 4 1 211 213 424
617 2 2 4 1 298 270 299
618 2 2 4 1 291 290 293
619 2 2 4 1 299 436 437
620 2 2 4 1 63 64 127
621 2 2 4 1 130 101 305
622 2 2 4 1 267 286 287
623 2 2 4 1 206 207 426
624 2 2 4 1 240 238 436
625 2 2 4 1 279 277 281
626 2 2 4 1 223 225 428
627 2 2 4 1 413 124 446
628 2 2 4 1 186 192 193
629 2 2 4 1 229 242 425
630 2 2 4 1 196 198 317
631 2 2 4 1 255 265 266
632 2 2 4 1 163 166 167
633 2 2 4 1 258 240 436
634 2 2 4 1 289 288 290
635 2 2 4 1 268 258 270
636 2 2 4 1 243 227 425
637 2 2 4 1 210 249 426
638 2 2 4 1 248 211 424
639 2 2 4 1 207 210 426
640 2 2 4 1 270 258 436
641 2 2 4 1 261 248 424
642 2 2 4 1 225 243 428
643 2 2 4 1 244 223 428
644 2 2 4 1 38 413 434
645 2 2 4 1 290 288 308
646 2 2 4 1 193 194 199
647 2 2 4 1 424 469 470
648 2 2 4 1 161 158 162
649 2 2 4 1 159 155 190
650 2 2 4 1 426 274 433
651 2 2 4 1 179 170 180
652 2 2 4 1 282 206 433
653 2 2 4 1 11 12 430
654 2 2 4 1 182 184 349
655 2 2 4 1 130 305 320
656 2 2 4 1 156 155 159
657 2 2 4 1 287 286 288
658 2 2 4 1 10 11 135
659 2 2 4 1 127 64 427
660 2 2 4 1 17 345 499
661 2 2 4 1 9 10 431
662 2 2 4 1 70 71 147
663 2 2 4 1 13 14 115
664 2 2 4 1 71 72 432
665 2 2 4 1 169 168 170
666 2 2 4 1 286 283 319
667 2 2 4 1 179 180 316
668 2 2 4 1 206 426 433
669 2 2 4 1 60 61 122
670 2 2 4 1 299 270 436
671 2 2 4 1 181 170 445
672 2 2 4 1 267 283 286
673 2 2 4 1 221 244 439
674 2 2 4 1 504 422 508
675 2 2 4 1 163 162 166
676 2 2 4 1 169 170 179
677 2 2 4 1 267 266 283
678 2 2 4 1 15 16 142
679 2 2 4 1 255 266 267
680 2 2 4 1 289 291 449
681 2 2 4 1 187 167 200
682 2 2 4 1 238 236 437
683 2 2 4 1 166 162 168
684 2 2 4 1 158 156 438
685 2 2 4 1 267 287 441
686 2 2 4 1 219 221 439
687 2 2 4 1 334 137 540
688 2 2 4 1 59 60 435
689 2 2 4 1 166 168 169
690 2 2 4 1 135 11 430
691 2 2 4 1 162 158 438
692 2 2 4 1 156 159 438
693 2 2 4 1 312 314 461
694 2 2 4 1 10 135 431
695 2 2 4 1 58 59 148
696 2 2 4 1 147 71 432
697 2 2 4 1 405 246 441
698 2 2 4 1 137 334 536
699 2 2 4 1 168 162 438
700 2 2 4 1 478 410 538
701 2 2 4 1 199 194 447
702 2 2 4 1 438 159 445
703 2 2 4 1 310 312 462
704 2 2 4 1 196 317 447
705 2 2 4 1 246 255 441
706 2 2 4 1 312 461 462
707 2 2 4 1 404 208 444
708 2 2 4 1 348 129 538
709 2 2 4 1 178 153 532
710 2 2 4 1 255 267 441
711 2 2 4 1 124 409 446
712 2 2 4 1 413 446 473
713 2 2 4 1 441 287 450
714 2 2 4 1 60 122 435
715 2 2 4 1 203 285 457
716 2 2 4 1 168 438 445
717 2 2 4 1 287 289 450
718 2 2 4 1 303 310 460
719 2 2 4 1 419 418 451
720 2 2 4 1 170 168 445
721 2 2 4 1 235 241 452
722 2 2 4 1 344 347 453
723 2 2 4 1 181 445 448
724 2 2 4 1 194 196 447
725 2 2 4 1 405 441 450
726 2 2 4 1 294 296 456
727 2 2 4 1 456 296 458
728 2 2 4 1 132 331 518
729 2 2 4 1 301 303 459
730 2 2 4 1 242 231 454
731 2 2 4 1 291 297 449
732 2 2 4 1 148 59 435
733 2 2 4 1 402 403 455
734 2 2 4 1 335 191 478
735 2 2 4 1 430 355 492
736 2 2 4 1 205 203 457
737 2 2 4 1 241 405 450
738 2 2 4 1 296 301 458
739 2 2 4 1 159 190 448
740 2 2 4 1 137 332 523
741 2 2 4 1 459 303 460
742 2 2 4 1 460 310 462
743 2 2 4 1 423 247 468
744 2 2 4 1 445 159 448
745 2 2 4 1 324 323 468
746 2 2 4 1 446 273 473
747 2 2 4 1 241 449 452
748 2 2 4 1 242 454 456
749 2 2 4 1 326 423 468
750 2 2 4 1 129 478 538
751 2 2 4 1 452 297 454
752 2 2 4 1 458 301 459
753 2 2 4 1 440 151 467
754 2 2 4 1 422 112 508
755 2 2 4 1 508 112 514
756 2 2 4 1 8 9 467
757 2 2 4 1 247 217 466
758 2 2 4 1 273 260 465
759 2 2 4 1 332 137 536
760 2 2 4 1 247 423 469
761 2 2 4 1 418 113 451
762 2 2 4 1 215 247 469
763 2 2 4 1 424 213 469
764 2 2 4 1 330 337 516
765 2 2 4 1 113 77 471
766 2 2 4 1 78 139 471
767 2 2 4 1 233 235 452
768 2 2 4 1 219 439 466
769 2 2 4 1 469 423 470
770 2 2 4 1 172 330 477
771 2 2 4 1 370 336 490
772 2 2 4 1 449 297 452
773 2 2 4 1 439 324 466
774 2 2 4 1 233 452 454
775 2 2 4 1 346 344 453
776 2 2 4 1 188 173 477
777 2 2 4 1 395 392 475
778 2 2 4 1 231 233 454
779 2 2 4 1 393 398 475
780 2 2 4 1 444 208 457
781 2 2 4 1 242 456 458
782 2 2 4 1 380 379 488
783 2 2 4 1 297 294 456
784 2 2 4 1 340 465 472
785 2 2 4 1 394 395 488
786 2 2 4 1 136 22 482
787 2 2 4 1 208 205 457
788 2 2 4 1 23 120 482
789 2 2 4 1 19 150 515
790 2 2 4 1 349 134 480
791 2 2 4 1 58 148 464
792 2 2 4 1 425 242 458
793 2 2 4 1 117 334 540
794 2 2 4 1 446 409 479
795 2 2 4 1 169 179 535
796 2 2 4 1 454 297 456
797 2 2 4 1 135 430 492
798 2 2 4 1 340 434 473
799 2 2 4 1 263 273 479
800 2 2 4 1 243 425 459
801 2 2 4 1 425 458 459
802 2 2 4 1 366 189 463
803 2 2 4 1 115 353 512
804 2 2 4 1 479 409 486
805 2 2 4 1 117 333 543
806 2 2 4 1 57 58 464
807 2 2 4 1 243 459 460
808 2 2 4 1 334 117 543
809 2 2 4 1 407 133 498
810 2 2 4 1 90 91 483
811 2 2 4 1 492 357 527
812 2 2 4 1 428 243 460
813 2 2 4 1 461 244 462
814 2 2 4 1 80 114 481
815 2 2 4 1 139 79 481
816 2 2 4 1 171 187 485
817 2 2 4 1 316 180 480
818 2 2 4 1 182 349 480
819 2 2 4 1 439 244 461
820 2 2 4 1 244 428 462
821 2 2 4 1 122 361 485
822 2 2 4 1 266 271 484
823 2 2 4 1 428 460 462
824 2 2 4 1 144 66 487
825 2 2 4 1 406 46 493
826 2 2 4 1 352 115 506
827 2 2 4 1 493 143 537
828 2 2 4 1 47 143 493
829 2 2 4 1 141 380 496
830 2 2 4 1 112 420 514
831 2 2 4 1 380 141 504
832 2 2 4 1 408 407 494
833 2 2 4 1 273 446 479
834 2 2 4 1 281 277 486
835 2 2 4 1 9 431 467
836 2 2 4 1 217 219 466
837 2 2 4 1 260 261 465
838 2 2 4 1 514 420 521
839 2 2 4 1 323 326 468
840 2 2 4 1 120 24 500
841 2 2 4 1 213 215 469
842 2 2 4 1 51 52 495
843 2 2 4 1 451 113 501
844 2 2 4 1 25 414 500
845 2 2 4 1 185 410 478
846 2 2 4 1 94 6 520
847 2 2 4 1 308 288 491
848 2 2 4 1 364 363 525
849 2 2 4 1 114 81 496
850 2 2 4 1 82 141 496
851 2 2 4 1 397 402 501
852 2 2 4 1 281 486 494
853 2 2 4 1 376 380 504
854 2 2 4 1 286 319 491
855 2 2 4 1 6 8 520
856 2 2 4 1 195 192 505
857 2 2 4 1 411 149 529
858 2 2 4 1 152 69 497
859 2 2 4 1 77 78 471
860 2 2 4 1 435 122 485
861 2 2 4 1 149 95 529
862 2 2 4 1 423 328 470
863 2 2 4 1 328 338 472
864 2 2 4 1 261 424 470
865 2 2 4 1 200 167 489
866 2 2 4 1 470 328 472
867 2 2 4 1 261 470 472
868 2 2 4 1 166 169 489
869 2 2 4 1 197 195 518
870 2 2 4 1 365 366 541
871 2 2 4 1 187 315 519
872 2 2 4 1 70 147 497
873 2 2 4 1 271 453 484
874 2 2 4 1 421 528 531
875 2 2 4 1 16 17 499
876 2 2 4 1 50 51 511
877 2 2 4 1 416 174 502
878 2 2 4 1 453 347 484
879 2 2 4 1 153 154 532
880 2 2 4 1 116 27 523
881 2 2 4 1 28 137 523
882 2 2 4 1 157 416 532
883 2 2 4 1 115 14 506
884 2 2 4 1 355 356 492
885 2 2 4 1 137 29 540
886 2 2 4 1 30 117 540
887 2 2 4 1 290 308 509
888 2 2 4 1 280 279 526
889 2 2 4 1 5 110 513
890 2 2 4 1 176 367 474
891 2 2 4 1 15 142 506
892 2 2 4 1 434 413 473
893 2 2 4 1 332 295 517
894 2 2 4 1 463 144 487
895 2 2 4 1 430 12 512
896 2 2 4 1 63 127 516
897 2 2 4 1 191 185 478
898 2 2 4 1 333 311 543
899 2 2 4 1 494 407 498
900 2 2 4 1 309 334 543
901 2 2 4 1 13 115 512
902 2 2 4 1 298 304 533
903 2 2 4 1 420 140 521
904 2 2 4 1 402 451 501
905 2 2 4 1 334 302 536
906 2 2 4 1 72 5 513
907 2 2 4 1 133 371 476
908 2 2 4 1 300 332 536
909 2 2 4 1 152 463 487
910 2 2 4 1 521 140 531
911 2 2 4 1 392 393 475
912 2 2 4 1 67 4 522
913 2 2 4 1 4 68 522
914 2 2 4 1 188 427 534
915 2 2 4 1 56 3 530
916 2 2 4 1 173 172 477
917 2 2 4 1 347 136 503
918 2 2 4 1 484 347 503
919 2 2 4 1 110 201 513
920 2 2 4 1 465 261 472
921 2 2 4 1 275 263 479
922 2 2 4 1 379 394 488
923 2 2 4 1 3 57 530
924 2 2 4 1 180 182 480
925 2 2 4 1 140 421 531
926 2 2 4 1 144 463 534
927 2 2 4 1 79 80 481
928 2 2 4 1 346 142 499
929 2 2 4 1 463 189 534
930 2 2 4 1 275 479 486
931 2 2 4 1 91 126 483
932 2 2 4 1 22 23 482
933 2 2 4 1 371 145 507
934 2 2 4 1 199 493 537
935 2 2 4 1 195 505 518
936 2 2 4 1 176 474 502
937 2 2 4 1 283 266 484
938 2 2 4 1 361 171 485
939 2 2 4 1 277 275 486
940 2 2 4 1 66 67 487
941 2 2 4 1 282 370 490
942 2 2 4 1 486 409 494
943 2 2 4 1 421 111 528
944 2 2 4 1 388 193 537
945 2 2 4 1 167 166 489
946 2 2 4 1 89 90 539
947 2 2 4 1 409 408 494
948 2 2 4 1 46 47 493
949 2 2 4 1 288 286 491
950 2 2 4 1 283 484 503
951 2 2 4 1 316 480 511
952 2 2 4 1 143 388 537
953 2 2 4 1 52 125 495
954 2 2 4 1 507 145 542
955 2 2 4 1 320 305 524
956 2 2 4 1 81 82 496
957 2 2 4 1 345 346 499
958 2 2 4 1 190 348 538
959 2 2 4 1 69 70 497
960 2 2 4 1 485 187 519
961 2 2 4 1 292 281 498
962 2 2 4 1 398 397 501
963 2 2 4 1 24 25 500
964 2 2 4 1 528 386 531
965 2 2 4 1 375 376 504
966 2 2 4 1 174 176 502
967 2 2 4 1 192 191 505
968 2 2 4 1 427 144 534
969 2 2 4 1 142 16 499
970 2 2 4 1 319 283 503
971 2 2 4 1 14 15 506
972 2 2 4 1 375 504 508
973 2 2 4 1 281 494 498
974 2 2 4 1 304 386 528
975 2 2 4 1 495 125 535
976 2 2 4 1 95 1 529
977 2 2 4 1 368 56 530
978 2 2 4 1 1 73 529
979 2 2 4 1 377 375 508
980 2 2 4 1 377 508 514
981 2 2 4 1 317 318 507
982 2 2 4 1 150 345 515
983 2 2 4 1 383 377 514
984 2 2 4 1 293 290 509
985 2 2 4 1 130 320 510
986 2 2 4 1 134 50 511
987 2 2 4 1 12 13 512
988 2 2 4 1 293 509 517
989 2 2 4 1 145 406 542
990 2 2 4 1 151 94 520
991 2 2 4 1 383 514 521
992 2 2 4 1 432 72 513
993 2 2 4 1 62 63 516
994 2 2 4 1 363 146 525
995 2 2 4 1 317 507 542
996 2 2 4 1 295 293 517
997 2 2 4 1 384 383 521
998 2 2 4 1 318 476 507
999 2 2 4 1 68 152 522
1000 2 2 4 1 336 280 524
1001 2 2 4 1 476 371 507
1002 2 2 4 1 384 521 531
1003 2 2 4 1 152 487 522
1004 2 2 4 1 27 28 523
1005 2 2 4 1 111 89 539
1006 2 2 4 1 480 134 511
1007 2 2 4 1 154 157 532
1008 2 2 4 1 73 411 529
1009 2 2 4 1 189 188 534
1010 2 2 4 1 406 447 542
1011 2 2 4 1 279 292 526
1012 2 2 4 1 8 467 520
1013 2 2 4 1 386 384 531
1014 2 2 4 1 125 364 535
1015 2 2 4 1 410 190 538
1016 2 2 4 1 148 435 519
1017 2 2 4 1 321 298 533
1018 2 2 4 1 302 300 536
1019 2 2 4 1 431 135 527
1020 2 2 4 1 193 199 537
1021 2 2 4 1 29 30 540
1022 2 2 4 1 367 365 541
1023 2 2 4 1 505 132 518
1024 2 2 4 1 311 309 543
1025 2 2 4 1 435 485 519
1026 2 2 4 1 447 317 542
1027 2 2 4 1 464 368 530
1028 2 2 4 1 467 151 520
1029 2 2 4 1 57 464 530
1030 2 2 4 1 135 492 527
1031 2 2 4 1 487 67 522
1032 2 2 4 1 533 111 539
1033 2 2 4 1 321 533 539
$EndElements
